  5   0.7236186767595195
  5   0.17738738990846475
  5   0.6874965702751191
  5  -0.6915362109972459
  5   0.18504150069970232
  5   0.5827978722886961
  5  -0.8632947714817316
  5   0.9469432101770013
  5  -0.12973436860940057
  5   0.9817798730876206
  5  -0.5232896112318286
  5   0.8513167673941412
  5   0.10704864413252284
  5  -0.9950058845242802
  5   0.19399521806394177
  5   0.42265785322554045
  5  -0.37134492584020706
  5   0.8693325098252382
  5   0.945460280201926
  5   0.6196895279660243
  5   0.04798052159556775
  5   0.5230319598353166
  5  -0.02604552658073716
  5  -0.5620938975004157
  5   0.6669347268725038
  5  -0.6453889456769843
  5  -0.03678301877935274
  5  -0.1555436391774484
  5  -0.04652859261378745
  5  -0.14812400899483372
  5   0.8893997342102261
  5  -0.1574894444515498
  5  -0.7905701342819431
  5   0.35958784208343053
  5  -0.06372739079372915
  5  -0.5223676754515869
  5  -0.9234044547517708
  5  -0.35666019329195164
  5   0.6546440959427017
  5  -0.09699949435872773
  5   0.39555148290845804
  5  -0.00939731515632775
  5  -0.4609016451352299
  5  -0.09204565328624968
  5  -0.5275120331048447
  5   0.7842063673058192
 10   0.1207369025082323
 10  -0.2329396416574402
 10   0.4363326450827439
 10   0.9978013500868138
 10   0.7945954073629933
 10   0.8564433381028983
 10   0.8982368491682652
 10   0.8548806742149416
 10  -0.1705399251910854
 10  -0.1059613010431976
 10   0.3875480191231158
 10   0.6966426712119793
 10   0.9387510968437311
 10   0.6216064462515989
 10  -0.02711084569618441
 10   0.2836872458474947
 10  -0.05158424668488773
 10   0.12009739046287253
 10   0.28411994273091884
 10   0.2754682696850833
 10   0.5800593556883744
 10   0.1938633329910232
 10  -0.7065726073761994
 10   0.7496923459767812
 10   0.734084394322979
 10   0.8590926092426818
 10   0.5835082322537011
 10   0.9760444004370669
 10   0.5746112519394785
 10   0.27594934147652717
 10  -0.2627367106928668
 10  -0.7267154304144499
 10  -0.20903541426723052
 10   0.1939406402824494
 10  -0.7980311780645074
 10   0.9128393799778467
 10  -0.1669315977452571
 10  -0.4171626450896004
 10   0.00027414046041527917
 10   0.45659525584876615
 10   0.6410879173944465
 10  -0.07411644582421618
 10   0.11959492931761552
 10   0.1508606925779788
 10  -0.16684887871626783
 10   0.929238063261166
 15  -0.06550799087775586
 15  -0.27249546485672116
 15  -0.44349041630539887
 15  -0.4239038742298278
 15   0.8127658652496738
 15   0.2914770280961972
 15   0.1891141643917095
 15   0.25358682830377177
 15  -0.530492795243387
 15   0.960533999964406
 15   0.5185093081251485
 15  -0.3770257735246663
 15  -0.1953077370000647
 15   0.4388552210833199
 15  -0.7050579874348977
 15   0.9602208761743916
 15  -0.4071825129435575
 15   0.9000418064672124
 15   0.3974342808821565
 15  -0.5667719653063499
 15   0.6856951339216825
 15   0.6649041003316098
 15  -0.08727928404583504
 15   0.3832639002876479
 15  -0.5780544978916013
 15  -0.033268346246495516
 15  -0.45862789278632754
 15  -0.766931650503997
 15   0.016310192741673554
 15   0.472004193554024
 15  -0.19595386043580892
 15   0.141510747243747
 15  -0.0005850789072679536
 15   0.45354699395233833
 15  -0.8055579508483636
 15  -0.07529388369312039
 15  -0.07443438926796503
 15   0.898398972335532
 15   0.21100768050802915
 15  -0.02865617266831653
 15  -0.5518213530695534
 15   0.30122344365792997
 15   0.711538963703187
 15   0.7499980704212782
 15   0.9457742167366461
 15   0.14276593902409979