  5  -0.3655162360533734
  5  -0.7696962139920489
  5   0.24935560463371084
  5  -0.5646651719114923
  5   0.924484472247881
  5  -0.11515877058855462
  5  -0.4713475376110264
  5  -0.21892066609206542
  5  -0.017068183520392993
  5  -0.09139027834117265
  5  -0.505178001902613
  5   0.1057191438589802
  5  -0.7493710216536535
  5  -0.01744119608699849
  5  -0.40280906086088764
  5  -0.7466770873274471
  5   0.8012025352711967
  5   0.45685276943097575
  5   0.2994124245689601
  5   0.7505361438841562
  5  -0.6390677969507996
  5  -0.849233054653866
  5  -0.31327584108487033
  5   0.7795600752609019
  5   0.7074919029690105
  5   0.6917326349633958
  5  -0.027375186429740534
  5   0.983504706993358
  5  -0.29355831782664416
  5  -0.08894654620795014
  5   0.25457103396279873
  5   0.15645326666556073
  5  -0.3252725641932961
  5   0.15223350562590054
  5   0.8915709970177106
  5   0.1388033686611341
  5   0.09758920027436414
  5  -0.002471434633590959
  5   0.7350822992608156
  5   0.20475329581861784
  5   0.2950415169393387
  5  -0.008918536254138998
  5  -0.13835311866866187
  5   0.027427133405909087
  5  -0.6190792025330547
  5   0.5553813784859217
 10  -0.011941976981461202
 10   0.38397907510774176
 10   0.21199472088265722
 10   0.057239957150652505
 10  -0.5649463115070655
 10   0.4922394410120918
 10   0.39160020618153646
 10   0.23649969498748807
 10   0.41749103274825944
 10  -0.9279734133768812
 10  -0.9077307644876267
 10  -0.2601881860780002
 10   0.3086380794068914
 10   0.7750283068235008
 10   0.18725398483489084
 10  -0.823958303084335
 10  -0.777263014125496
 10  -0.8375777150617842
 10  -0.43619821893474614
 10   0.45696913523998345
 10   0.11981248231696161
 10  -0.10604023878838706
 10   0.470513656051531
 10   0.5675602290783519
 10   0.6789543253023413
 10   0.4912078576604564
 10   0.47676551629484204
 10  -0.03199582754628549
 10   0.8177822107542891
 10   0.4466186510772726
 10   0.17635313060944208
 10   0.37982605030813305
 10  -0.5680849073544456
 10  -0.9716338419994759
 10   0.5998342603888748
 10   0.39804138259502775
 10  -0.6297300095263949
 10  -0.8100743239437216
 10   0.47100816731892126
 10   0.3129970415696386
 10   0.23620970619912238
 10   0.12971614022022154
 10   0.1642760188134888
 10  -0.5688557543954296
 10   0.516646558084949
 10  -0.008411143690094524
 15  -0.20720970179017348
 15   0.03692649844756821
 15   0.721727026009983
 15  -0.1206942741729222
 15  -0.49116652626193574
 15  -0.9468621809046952
 15  -0.4284974833862745
 15  -0.9629434726136951
 15  -0.8372612977394361
 15  -0.19607471975821483
 15   0.19645887391446562
 15  -0.37131529638479294
 15   0.5879745972723277
 15  -0.5819110038785935
 15  -0.5659605213024664
 15   0.13811914767276634
 15   0.2885541355314052
 15  -0.19117396912291668
 15  -0.8090028800732907
 15   0.7912827872510585
 15   0.6954213627568665
 15  -0.6356223946879118
 15   0.8854113416418986
 15   0.05179304883013467
 15   0.7891628653338322
 15   0.2976457199848656
 15   0.4439025423277342
 15  -0.38256488350144296
 15  -0.5203615970340433
 15  -0.7941184028194274
 15  -0.9579764896662614
 15   0.0795277221508244
 15   0.00302393316983677
 15  -0.6069838406803777
 15   0.2240535527685952
 15   0.4132039064682147
 15  -0.06694685478027267
 15  -0.002633807084915788
 15   0.9145989280879021
 15  -0.999343789379498
 15  -0.6206631188315397
 15  -0.5570566914582115
 15   0.7014914505006774
 15   0.605269925894241
 15  -0.21223878681311004
 15  -0.970802581242005